0:0xAAAAAA 1:0xBBBBBB 2:0x444444
0002010000020000000201000002000000020100000200000002010000020000
0102000101020000010200010102000001020001010200000102000101020000
0012000000021100001200000002110000120000000211000012000000021100
2222222222222222222222222222222222222222222222222222222222222222
0000001100000010000000110000001000000011000000100000001100000010
1110000200110100111000020011010011100002001101001110000200110100
0000100200101000000010020010100000001002001010000000100200101000
2222222222222222222222222222222222222222222222222222222222222222
0002001000020000000200100002000000020010000200000002001000020000
1002000001020100100200000102010010020000010201001002000001020100
0002000100020010000200010002001000020001000200100002000100020010
2222222222222222222222222222222222222222222222222222222222222222
0000100210000000000010021000000000001002100000000000100210000000
0100000200101100010000020010110001000002001011000100000200101100
0000100201000100000010020100010000001002010001000000100201000100
2222222222222222222222222222222222222222222222222222222222222222
0002010000020000000201000002000000020100000200000002010000020000
0102000101020000010200010102000001020001010200000102000101020000
0012000000021100001200000002110000120000000211000012000000021100
2222222222222222222222222222222222222222222222222222222222222222
0000001100000010000000110000001000000011000000100000001100000010
1110000200110100111000020011010011100002001101001110000200110100
0000100200101000000010020010100000001002001010000000100200101000
2222222222222222222222222222222222222222222222222222222222222222
0002001000020000000200100002000000020010000200000002001000020000
1002000001020100100200000102010010020000010201001002000001020100
0002000100020010000200010002001000020001000200100002000100020010
2222222222222222222222222222222222222222222222222222222222222222
0000100210000000000010021000000000001002100000000000100210000000
0100000200101100010000020010110001000002001011000100000200101100
0000100201000100000010020100010000001002010001000000100201000100
2222222222222222222222222222222222222222222222222222222222222222
0002010000020000000201000002000000020100000200000002010000020000
0102000101020000010200010102000001020001010200000102000101020000
0012000000021100001200000002110000120000000211000012000000021100
2222222222222222222222222222222222222222222222222222222222222222
0000001100000010000000110000001000000011000000100000001100000010
1110000200110100111000020011010011100002001101001110000200110100
0000100200101000000010020010100000001002001010000000100200101000
2222222222222222222222222222222222222222222222222222222222222222
0002001000020000000200100002000000020010000200000002001000020000
1002000001020100100200000102010010020000010201001002000001020100
0002000100020010000200010002001000020001000200100002000100020010
2222222222222222222222222222222222222222222222222222222222222222
0000100210000000000010021000000000001002100000000000100210000000
0100000200101100010000020010110001000002001011000100000200101100
0000100201000100000010020100010000001002010001000000100201000100
2222222222222222222222222222222222222222222222222222222222222222
0002010000020000000201000002000000020100000200000002010000020000
0102000101020000010200010102000001020001010200000102000101020000
0012000000021100001200000002110000120000000211000012000000021100
2222222222222222222222222222222222222222222222222222222222222222
0000001100000010000000110000001000000011000000100000001100000010
1110000200110100111000020011010011100002001101001110000200110100
0000100200101000000010020010100000001002001010000000100200101000
2222222222222222222222222222222222222222222222222222222222222222
0002001000020000000200100002000000020010000200000002001000020000
1002000001020100100200000102010010020000010201001002000001020100
0002000100020010000200010002001000020001000200100002000100020010
2222222222222222222222222222222222222222222222222222222222222222
0000100210000000000010021000000000001002100000000000100210000000
0100000200101100010000020010110001000002001011000100000200101100
0000100201000100000010020100010000001002010001000000100201000100
2222222222222222222222222222222222222222222222222222222222222222
