0:0x000098 1:0x161616
1111111111111111111111000000000000000000000000000110000000000000
1000000000000000000011000000000000000000000000000110000000000000
1000000000000000000011000000000000000000000000000110000000000000
1000000000000000000011000000000000000000000000000110000000000000
1000000000000000000011111111111111111111111111111110000000000000
1000000000000000000011000000000000000000000000000110000000000000
1000000000000000000011000000000000000000000000000110000000000000
1000000000000000000011000000000000000000000000000110000000000000
1000000000000000000011000000000000000000000000000110000000000000
1000000000000000000011000000000000000000000000000110000000000000
1000000000000000000011000000000000000000000000000110000000000000
1000000000000000000011000000000000000000000000000110000000000000
1000000000000000000011000000000000000000000000000110000000000000
1000000000000000000011000000000000000000000000000110000000000000
1000000000000000000011000000000000000000000000000111111111111111
1111111111111111111111000000000000000000000000000111111111111111
0000000000000100000001000000000000000000000000000110000000100000
0000000000000100000001000000000000000000000000000110000000100000
0000000000000100000001000000000000000000000000000110000000100000
0000000000000100000001000000000000000000000000000110000000100000
0000000000000100000001111111111111111111111111111111111111100000
0000000000000100000001111111111111111111111111110000000001100000
0000000000000100000001100000000000000000000000110000000001100000
0000000000000100000001100000000000000000000000110000000001100000
0000000000000100000001100000000000000000000000110000000001100000
0000000000000100000001100000000000000000000000110000000001100000
0000000000000100000001100000000000000000000000110000000001100000
0000000000000111111111100000000000000000000000110000000001100000
0000000000000111111111100000000000000000000000110000000001100000
0000000000000110000001100000000000000000000000110000000001100000
0000000000000110000001100000000000000000000000110000000001100000
0000000000000110000001100000000000000000000000110000000001100000
0000000000000110000001100000000000000000000000110000000001100000
0000000000000110000001100000000000000000000000110000000001100000
0000000000000110000001100000000000000000000000110000000001100000
0000000000000110000001100000000000000000000000110000000001100000
0000000000000110000001100000000000000000000000110000000001100000
0000000000000110000001111111111111111111111111110000000001100000
0000000000000110000001111111111111111111111111110000000001100000
0000000000000110000001100000000000000000000000110000000001111111
1111111111111110000001100000000000000000000000110000000001100001
1111100000000110000001100000000000000000000000110000000001100001
1000000000000110000001100000000000000000000000110000000001100001
1000000000000110000001100000000000000000000000110000000001100001
1000000000000110000001100000000000000000000000110000000001100001
1000000000000111111111100000000000000000000000110000000001100001
1000000000000111111111100000000000000000000000111111111111111111
1000000000000110000001100000000000000000000000111111111111111111
1000000000000110000001100000000000000000000000110000000000000001
1000000000000110000001100000000000000000000000110000000000000001
1000000000000110000001100000000000000000000000110000000000000001
1000000000000110000001100000000000000000000000110000000000000001
1000000000000110000001100000000000000000000000110000000000000001
1000000000000110000001100000000000000000000000110000000000000001
1000000000000110000001100000000000000000000000110000000000000001
1000000000000110000001100000000000000000000000110000000000000001
1000000000000110000001100000000000000000000000110000000000000001
1000000000000110000001100000000000000000000000110000000000000001
1000000000000110000001100000000000000000000000110000000000000001
1000000000000110000001100000000000000000000000110000000000000001
1000000000000110000001100000000000000000000000110000000000000001
1000000000000110000001100000000000000000000000110000000000000001
1000000000000110000001100000000000000000000000110000000000000001
1000000000000110000001100000000000000000000000110000000000000001
